# Trouble in Terrorist Town weapon/ammo placement overrides
# For map: ttt_theship_v1
# Exported by: Schmexxy
setting:	replacespawns 1

wntd_playerspawn	595.083923 -2694.135010 138.568832	-0.001 176.422 0.100
wntd_playerspawn	-536.032104 -1482.072144 274.555908	-0.392 -70.662 -0.242
wntd_playerspawn	-6.844042 -1981.701538 274.502228	-0.081 -85.205 0.080
wntd_playerspawn	429.942017 -2211.217529 274.515869	-0.006 89.171 -0.255
wntd_playerspawn	39.442646 -762.516724 274.578186	-0.001 -77.824 0.070
wntd_playerspawn	209.189178 -1066.253906 274.556488	0.139 88.435 -0.001
wntd_playerspawn	-367.898346 -268.178040 274.496002	-0.042 -0.000 0.042
wntd_playerspawn	626.063293 -23.437141 274.537292	-0.060 -0.000 0.060
wntd_playerspawn	237.470886 -247.804657 274.533783	-0.080 -0.000 0.080
wntd_playerspawn	-281.106415 390.122650 274.514038	0.013 -0.000 -0.013
wntd_playerspawn	-509.893616 1399.719482 178.552032	-0.179 -0.098 -0.027
wntd_playerspawn	530.302612 1390.744263 178.564011	-0.115 -130.340 0.001
wntd_playerspawn	-249.500992 563.198120 2.541842	-0.056 -0.000 0.056
wntd_playerspawn	-45.974411 961.934509 2.475018	-0.012 -0.000 0.012
wntd_playerspawn	-364.541321 -745.971191 274.514282	-0.009 -0.000 0.009
wntd_playerspawn	-252.991928 -755.275391 138.482346	-0.012 -0.000 0.012
wntd_playerspawn	-464.299164 -193.930954 2.539154	-0.058 -0.000 0.058
wntd_playerspawn	438.850403 -2240.489258 2.542712	-0.055 -0.000 0.055
wntd_playerspawn	418.513214 -1729.434326 138.542709	0.055 0.000 0.055
wntd_playerspawn	670.259460 -1147.699707 274.520721	-0.252 155.553 -0.000
wntd_playerspawn	-339.761566 -2253.510010 274.567932	-0.000 165.892 0.102
wntd_playerspawn	-327.534363 554.204468 2.543568	-0.054 -0.000 0.054
wntd_playerspawn	-56.348705 999.694641 2.515565	-0.008 -0.000 0.008
wntd_playerspawn	196.079132 -924.543640 3.469236	-0.013 0.000 -0.013
wntd_playerspawn	-137.239426 -1569.246216 2.549972	-0.048 -0.000 0.048
wntd_playerspawn	-656.204346 -1972.674805 -1.639412	-1.668 0.498 0.002
wntd_playerspawn	-241.833084 -1039.301880 2.565332	-0.042 -0.000 0.042
wntd_playerspawn	409.219330 -1335.632446 3.461094	-0.014 -0.000 0.014
wntd_playerspawn	-379.224579 -1070.513794 272.484100	0.011 0.000 0.011
wntd_playerspawn	579.346130 -107.990738 137.324646	-0.807 0.001 -0.062
wntd_playerspawn	2.001495 -2384.316650 -3.556643	3.498 -0.054 -0.003
wntd_playerspawn	433.229034 -1710.088013 0.528599	-0.086 -0.000 0.086
wntd_playerspawn	252.992752 -1326.569580 0.515565	-0.008 -0.000 0.008
wntd_playerspawn	652.458130 -979.852783 0.555234	-0.054 -0.000 0.054
wntd_playerspawn	621.022705 -417.047363 0.475019	-0.012 -0.000 0.012
wntd_playerspawn	-556.097412 -1380.042969 0.577765	0.021 0.000 0.021
wntd_playerspawn	253.426056 248.486115 0.537293	-0.060 -0.000 0.060
wntd_playerspawn	-471.988342 -144.361618 136.494141	-0.011 -0.000 0.011
wntd_playerspawn	-415.459442 -373.492432 136.543793	-0.006 -0.000 0.006
wntd_playerspawn	432.737610 -144.588501 136.490891	-0.011 -0.000 0.011
wntd_playerspawn	356.011749 -405.087402 136.467255	-0.013 0.000 -0.013
wntd_playerspawn	634.018188 557.552979 136.534393	-0.063 -0.000 0.063
wntd_playerspawn	-477.666046 -2575.820068 0.499073	-0.041 -0.000 0.041


ptp_rollingpin	595.248901 -255.471497 306.852600	-0.695 25.653 91.263
ptp_rollingpin	548.256042 -122.941811 313.264679	-0.736 25.618 91.430
ptp_rollingpin	393.950653 -365.893860 273.110901	-0.685 25.442 91.340
ptp_rollingpin	392.408417 -18.798227 353.111084	-0.582 25.092 91.324
ptp_rollingpin	-16.046541 120.560349 307.358521	-0.855 25.578 91.678
ptp_rollingpin	-739.624695 110.405746 335.114410	-0.897 25.576 91.765

m9k_colt1911	-2.238079 -3650.387207 184.219742	-84.949 -14.772 48.738
m9k_colt1911	424.208923 668.773254 158.557068	-83.840 -17.437 47.120
m9k_colt1911	-25.440273 521.517212 328.256683	-83.914 -11.701 46.826
m9k_colt1911	691.572449 5.041204 312.953857	-84.720 -16.246 50.285

m9k_winchester73	479.257263 -189.191772 0.864121	2.120 -5.692 83.901
m9k_winchester73	-545.482971 -1049.705566 0.829376	2.275 -6.205 83.851

ptp_baseballbat	-64.922760 -2276.423828 136.830948	2.248 -6.193 84.139
ptp_baseballbat	650.191345 -2060.607910 136.877213	1.795 -5.192 84.119
ptp_baseballbat	450.252441 224.625671 168.833664	2.399 -3.923 84.057
ptp_baseballbat	-419.332489 -281.429596 136.832687	2.239 -6.185 84.126
ptp_baseballbat	527.622009 -79.211250 136.836945	2.217 -6.180 84.093
ptp_baseballbat	-543.893372 219.314255 272.882324	1.616 -5.182 84.319
ptp_baseballbat	502.526703 21.845705 0.862703	2.137 -5.697 83.915
ptp_baseballbat	354.404327 -476.548309 147.051880	-0.257 -8.767 -83.724

ptp_meatcleaver	568.242432 -361.513123 315.569458	3.577 15.585 65.265
ptp_meatcleaver	614.189941 -258.431396 304.913300	3.503 12.659 65.363
ptp_meatcleaver	691.848328 -86.330658 313.600464	-19.721 -8.733 -86.735
ptp_meatcleaver	-696.841614 -1094.553101 271.214844	3.394 13.209 65.539
ptp_meatcleaver	-314.681122 -1633.713501 295.773438	-3.182 -9.096 -88.812
ptp_meatcleaver	162.305405 -2205.331299 299.104431	0.264 -8.929 -88.553
ptp_meatcleaver	3.596921 -1090.138916 271.113281	3.360 13.305 64.728
ptp_meatcleaver	378.899597 -363.051270 271.141785	3.563 1.070 65.117
ptp_meatcleaver	-395.969299 -2121.889893 309.108612	3.639 13.262 64.925
ptp_meatcleaver	333.501129 -1500.210205 172.955872	0.761 -6.598 -87.803
ptp_meatcleaver	125.976257 -2059.194092 175.844559	3.649 11.372 65.189

ptp_kitchenknife	414.923523 -1887.525146 300.453796	-2.088 -1.401 -1.142
ptp_kitchenknife	-422.195282 -1856.235596 300.151642	-2.865 -1.205 -1.567
ptp_kitchenknife	203.281067 -1258.973877 28.188221	-1.523 -1.475 -0.833
ptp_kitchenknife	-315.332001 -274.561432 137.742645	-51.892 34.591 -86.529
ptp_kitchenknife	12.430160 962.049988 34.373672	-2.089 -1.401 -1.141

ptp_cardboardknife	-153.283691 -681.427612 166.169266	-2.218 -1.361 -1.213
ptp_cardboardknife	-232.321014 398.443054 306.181549	-1.033 -1.542 -1.050

ptp_plasticknife	130.252777 -1183.211792 157.166183	-1.937 -1.428 -1.059
ptp_plasticknife	-732.831055 -81.705765 334.197601	-1.180 -1.499 -0.645
ptp_plasticknife	708.348877 -889.942139 -3.888516	-0.937 -0.653 -0.731
ptp_plasticknife	-22.851580 -1936.515503 302.14926	-0.952 -1.727 -1.119
ptp_plasticknife	405.373077 666.013916 158.458206	-2.698 -1.246 -1.475
ptp_plasticknife	-231.761887 -843.829407 19.328793	-0.788 -1.613 -0.612
ptp_plasticknife	-702.265991 -229.076157 0.186694	-1.791 -1.411 -0.674

ptp_pipewrench	670.062073 -1486.408081 272.157318	-2.659 -1.239 -1.452
ptp_pipewrench	-520.677307 261.306793 312.178558	-1.097 -1.532 -1.115
ptp_pipewrench	238.589096 -140.599014 296.166473	-2.320 -1.370 -1.269
ptp_pipewrench	-305.385223 -980.367371 176.157379	-1.548 -1.444 -1.576
ptp_pipewrench	367.616425 84.459114 1.129197	-1.080 -1.264 -0.629
ptp_pipewrench	342.316315 211.483536 137.757492	-50.230 32.523 -86.064
ptp_pipewrench	355.165131 -346.863495 0.177978	-0.560 -1.353 -0.327
ptp_pipewrench	442.526550 229.647324 168.185883	-0.444 -1.750 -0.673
ptp_pipewrench	-288.948334 936.936707 22.780117	25.176 108.964 96.505